0  -9.23785e-06
0.100239  -9.23785e-06
0.200478  -9.23785e-06
0.300717  -9.23785e-06
0.400956  -9.23785e-06
0.501195  -9.23785e-06
0.601434  -9.23785e-06
0.701673  -9.23785e-06
0.801912  -9.23785e-06
0.902151  -9.23785e-06
1.00239  -9.23785e-06
1.10263  -9.23785e-06
1.20287  -9.23785e-06
1.30311  -9.23785e-06
1.40335  -9.23785e-06
1.50359  -9.23785e-06
1.60382  -9.23785e-06
1.70406  -9.23785e-06
1.8043  -9.23785e-06
1.90454  -9.23785e-06
2.00478  -9.23785e-06
2.10502  -9.23785e-06
2.20526  -9.23785e-06
2.3055  -9.23785e-06
2.40574  -9.23785e-06
2.50598  -9.23785e-06
2.60622  -9.23785e-06
2.70645  -9.23785e-06
2.80669  -9.23785e-06
2.90693  -9.23785e-06
3.00717  -9.23785e-06
3.10741  -9.23785e-06
3.20765  -9.23785e-06
3.30789  -9.23785e-06
3.40813  -9.23785e-06
3.50837  -9.23785e-06
3.60861  -9.23785e-06
3.70884  -9.23785e-06
3.80908  -9.23785e-06
3.90932  -9.23785e-06
4.00956  -9.23785e-06
4.1098  -9.23785e-06
4.21004  -9.23785e-06
4.31028  -9.23785e-06
4.41052  -9.23785e-06
4.51076  -9.23785e-06
4.611  -9.23785e-06
4.71124  -9.23785e-06
4.81147  -9.23785e-06
4.91171  -9.23785e-06
5.01195  -9.23785e-06
5.11219  -9.23785e-06
5.21243  -9.23785e-06
5.31267  -9.23785e-06
5.41291  -9.23785e-06
5.51315  -9.23785e-06
5.61339  -9.23785e-06
5.71363  -9.23785e-06
5.81386  -9.23785e-06
5.9141  -9.23785e-06
6.01434  -9.23785e-06
6.11458  -9.23785e-06
6.21482  -9.23785e-06
6.31506  -9.23785e-06
6.4153  -9.23785e-06
6.51554  -9.23785e-06
6.61578  -9.23785e-06
6.71602  -9.23785e-06
6.81626  -9.23785e-06
6.91649  -9.23785e-06
7.01673  -9.23785e-06
7.11697  -9.23785e-06
7.21721  -9.23785e-06
7.31745  0
7.41769  0.00092547
7.51793  0.00370188
7.61817  0.00832923
7.71841  0.0148075
7.81865  0.0231367
7.91888  0.0333169
8.01912  0.0453479
8.11936  0.0592299
8.2196  0.0749628
8.31984  0.0925465
8.42008  0.111981
8.52032  0.133266
8.62056  0.156403
8.7208  0.18139
8.82104  0.208227
8.92128  0.236915
9.02151  0.267454
9.12175  0.299844
9.22199  0.334084
9.32223  0.370175
9.42247  0.408115
9.52271  0.447907
9.62295  0.489548
9.72319  0.53304
9.82343  0.578382
9.92367  0.625574
10.0239  0.674616
10.1241  0.725508
10.2244  0.778249
10.3246  0.832841
10.4249  0.889282
10.5251  0.947572
10.6253  1.00771
10.7256  1.0697
10.8258  1.13354
10.9261  1.19923
11.0263  1.26676
11.1265  1.33615
11.2268  1.40739
11.327  1.48047
11.4273  1.5554
11.5275  1.63218
11.6277  1.71081
11.728  1.79129
11.8282  1.87361
11.9284  1.95779
12.0287  2.04381
12.1289  2.13168
12.2292  2.22139
12.3294  2.31296
12.4296  2.40637
12.5299  2.50163
12.6301  2.59874
12.7304  2.69769
12.8306  2.79849
12.9308  2.90114
13.0311  3.00563
13.1313  3.11197
13.2316  3.22016
13.3318  3.33019
13.432  3.44207
13.5323  3.5558
13.6325  3.67137
13.7327  3.78879
13.833  3.90805
13.9332  4.02916
14.0335  4.15211
14.1337  4.27691
14.2339  4.40356
14.3342  4.53205
14.4344  4.66238
14.5347  4.79456
14.6349  4.92859
14.7351  5.06446
14.8354  5.20217
14.9356  5.34173
15.0359  5.48313
15.1361  5.62637
15.2363  5.77146
15.3366  5.91839
15.4368  6.06717
15.5371  6.21779
15.6373  6.37025
15.7375  6.52456
15.8378  6.68071
15.938  6.8387
16.0382  6.99854
16.1385  7.16022
16.2387  7.32374
16.339  7.4891
16.4392  7.65631
16.5394  7.82535
16.6397  7.99624
16.7399  8.16897
16.8402  8.34355
16.9404  8.51996
17.0406  8.69822
17.1409  8.87832
17.2411  9.06026
17.3414  9.24404
17.4416  9.42966
17.5418  9.61712
17.6421  9.80642
17.7423  9.99756
17.8426  10.1905
17.9428  10.3854
18.043  10.582
18.1433  10.7805
18.2435  10.9809
18.3437  11.1831
18.444  11.3871
18.5442  11.593
18.6445  11.8007
18.7447  12.0102
18.8449  12.2216
18.9452  12.4348
19.0454  12.6499
19.1457  12.8668
19.2459  13.0855
19.3461  13.3061
19.4464  13.5285
19.5466  13.7527
19.6469  13.9788
19.7471  14.2068
19.8473  14.4365
19.9476  14.6681
20.0478  14.9016
20.148  15.1369
20.2483  15.374
20.3485  15.6129
20.4488  15.8537
20.549  16.0964
20.6492  16.3408
20.7495  16.5871
20.8497  16.8353
20.95  17.0853
21.0502  17.3371
21.1504  17.5907
21.2507  17.8462
21.3509  18.1035
21.4512  18.3627
21.5514  18.6237
21.6516  18.8865
21.7519  19.1512
21.8521  19.4177
21.9524  19.686
22.0526  19.9562
22.1528  20.2282
22.2531  20.5021
22.3533  20.7777
22.4535  21.0553
22.5538  21.3346
22.654  21.6158
22.7543  21.8988
22.8545  22.1837
22.9547  22.4704
23.055  22.7589
23.1552  23.0492
23.2555  23.3414
23.3557  23.6355
23.4559  23.9313
23.5562  24.229
23.6564  24.5285
23.7567  24.8299
23.8569  25.1331
23.9571  25.4381
24.0574  25.745
24.1576  26.0537
24.2578  26.3642
24.3581  26.6766
24.4583  26.9907
24.5586  27.3068
24.6588  27.6246
24.759  27.9443
24.8593  28.2658
24.9595  28.5892
25.0598  28.9144
25.16  29.2414
25.2602  29.5703
25.3605  29.901
25.4607  30.2335
25.561  30.5678
25.6612  30.904
25.7614  31.242
25.8617  31.5818
25.9619  31.9235
26.0622  32.267
26.1624  32.6124
26.2626  32.9595
26.3629  33.3085
26.4631  33.6594
26.5633  34.012
26.6636  34.3665
26.7638  34.7228
26.8641  35.081
26.9643  35.441
27.0645  35.8028
27.1648  36.1664
27.265  36.5319
27.3653  36.8992
27.4655  37.2683
27.5657  37.6393
27.666  38.0121
27.7662  38.3867
27.8665  38.7632
27.9667  39.1414
28.0669  39.5216
28.1672  39.9035
28.2674  40.2873
28.3676  40.6729
28.4679  41.0603
28.5681  41.4495
28.6684  41.8406
28.7686  42.2335
28.8688  42.6283
28.9691  43.0249
29.0693  43.4233
29.1696  43.8235
29.2698  44.2255
29.37  44.6294
29.4703  45.0351
29.5705  45.4427
29.6708  45.852
29.771  46.2632
29.8712  46.6763
29.9715  47.0911
30.0717  47.5078
30.172  47.9263
30.2722  48.3466
30.3724  48.7688
30.4727  49.1928
30.5729  49.6186
30.6731  50.0462
30.7734  50.4757
30.8736  50.907
30.9739  51.3401
31.0741  51.7751
31.1743  52.2119
31.2746  52.6505
31.3748  53.0909
31.4751  53.5331
31.5753  53.9772
31.6755  54.4231
31.7758  54.8709
31.876  55.3204
31.9763  55.7718
32.0765  56.225
32.1767  56.6801
32.277  57.1369
32.3772  57.5956
32.4775  58.0561
32.5777  58.5185
32.6779  58.9826
32.7782  59.4486
32.8784  59.9164
32.9786  60.3861
33.0789  60.8576
33.1791  61.3308
33.2794  61.806
33.3796  62.2829
33.4798  62.7617
33.5801  63.2423
33.6803  63.7247
33.7806  64.2089
33.8808  64.695
33.981  65.1829
34.0813  65.6726
34.1815  66.1641
34.2818  66.6575
34.382  67.1527
34.4822  67.6497
34.5825  68.1485
34.6827  68.6492
34.7829  69.1516
34.8832  69.6559
34.9834  70.1621
35.0837  70.67
35.1839  71.1798
35.2841  71.6914
35.3844  72.2048
35.4846  72.7201
35.5849  73.2371
35.6851  73.756
35.7853  74.2767
35.8856  74.7993
35.9858  75.3236
36.0861  75.8498
36.1863  76.3778
36.2865  76.9076
36.3868  77.4393
36.487  77.9728
36.5873  78.5081
36.6875  79.0452
36.7877  79.5841
36.888  80.1249
36.9882  80.6675
37.0884  81.2119
37.1887  81.7581
37.2889  82.3061
37.3892  82.856
37.4894  83.4077
37.5896  83.9612
37.6899  84.5166
37.7901  85.0737
37.8904  85.6327
37.9906  86.1935
38.0908  86.7561
38.1911  87.3206
38.2913  87.8868
38.3916  88.4549
38.4918  89.0248
38.592  89.5965
38.6923  90.1701
38.7925  90.7455
38.8927  91.3227
38.993  91.9017
39.0932  92.4825
39.1935  93.0651
39.2937  93.6496
39.3939  94.2359
39.4942  94.824
39.5944  95.414
39.6947  96.0057
39.7949  96.5993
39.8951  97.1947
39.9954  97.7919
40.0956  98.3909
40.1959  98.9918
40.2961  99.5945
40.3963  100.199
40.4966  100.805
40.5968  101.413
40.6971  102.023
40.7973  102.635
40.8975  103.249
40.9978  103.864
41.098  104.481
41.1982  105.1
41.2985  105.721
41.3987  106.344
41.499  106.968
41.5992  107.595
41.6994  108.223
41.7997  108.853
41.8999  109.485
42.0002  110.118
42.1004  110.754
42.2006  111.391
42.3009  112.03
42.4011  112.671
42.5014  113.314
42.6016  113.958
42.7018  114.604
42.8021  115.253
42.9023  115.903
43.0026  116.554
43.1028  117.208
43.203  117.863
43.3033  118.521
43.4035  119.18
43.5037  119.841
43.604  120.503
43.7042  121.168
43.8045  121.834
43.9047  122.502
44.0049  123.172
44.1052  123.844
44.2054  124.518
44.3057  125.193
44.4059  125.87
44.5061  126.549
44.6064  127.23
44.7066  127.913
44.8069  128.597
44.9071  129.284
45.0073  129.972
45.1076  130.662
45.2078  131.353
45.308  132.047
45.4083  132.742
45.5085  133.44
45.6088  134.139
45.709  134.84
45.8092  135.542
45.9095  136.247
46.0097  136.953
46.11  137.661
46.2102  138.371
46.3104  139.083
46.4107  139.796
46.5109  140.512
46.6112  141.229
46.7114  141.948
46.8116  142.669
46.9119  143.391
47.0121  144.116
47.1124  144.842
47.2126  145.57
47.3128  146.3
47.4131  147.032
47.5133  147.765
47.6135  148.501
47.7138  149.238
47.814  149.977
47.9143  150.718
48.0145  151.46
48.1147  152.205
48.215  152.951
48.3152  153.699
48.4155  154.449
48.5157  155.201
48.6159  155.954
48.7162  156.709
48.8164  157.467
48.9167  158.226
49.0169  158.986
49.1171  159.749
49.2174  160.513
49.3176  161.279
49.4178  162.047
49.5181  162.817
49.6183  163.589
49.7186  164.362
49.8188  165.138
49.919  165.915
50.0193  166.694
50.1195  167.474
50.2198  168.257
50.32  169.041
50.4202  169.827
50.5205  170.615
50.6207  171.405
50.721  172.197
50.8212  172.99
50.9214  173.785
51.0217  174.583
51.1219  175.381
51.2222  176.182
51.3224  176.985
51.4226  177.789
51.5229  178.595
51.6231  179.403
51.7233  180.213
51.8236  181.024
51.9238  181.838
52.0241  182.653
52.1243  183.47
52.2245  184.288
52.3248  185.109
52.425  185.932
52.5253  186.756
52.6255  187.582
52.7257  188.41
52.826  189.239
52.9262  190.071
53.0265  190.904
53.1267  191.739
53.2269  192.576
53.3272  193.415
53.4274  194.255
53.5277  195.098
53.6279  195.942
53.7281  196.788
53.8284  197.636
53.9286  198.485
54.0288  199.337
54.1291  200.19
54.2293  201.045
54.3296  201.902
54.4298  202.761
54.53  203.621
54.6303  204.483
54.7305  205.348
54.8308  206.214
54.931  207.081
55.0312  207.951
55.1315  208.822
55.2317  209.695
55.332  210.57
55.4322  211.447
55.5324  212.326
55.6327  213.206
55.7329  214.088
55.8331  214.972
55.9334  215.858
56.0336  216.746
56.1339  217.635
56.2341  218.527
56.3343  219.42
56.4346  220.315
56.5348  221.211
56.6351  222.11
56.7353  223.01
56.8355  223.912
56.9358  224.816
57.036  225.722
57.1363  226.63
57.2365  227.539
57.3367  228.45
57.437  229.363
57.5372  230.278
57.6375  231.195
57.7377  232.113
57.8379  233.033
57.9382  233.955
58.0384  234.879
58.1386  235.805
58.2389  236.732
58.3391  237.662
58.4394  238.593
58.5396  239.526
58.6398  240.46
58.7401  241.397
58.8403  242.335
58.9406  243.275
59.0408  244.217
59.141  245.161
59.2413  246.107
59.3415  247.054
59.4418  248.003
59.542  248.954
59.6422  249.907
59.7425  250.862
59.8427  251.818
59.9429  252.777
60.0432  253.737
60.1434  254.698
60.2437  255.662
60.3439  256.628
60.4441  257.595
60.5444  258.564
60.6446  259.535
60.7449  260.508
60.8451  261.482
60.9453  262.459
61.0456  263.437
61.1458  264.417
61.2461  265.398
61.3463  266.382
61.4465  267.367
61.5468  268.355
61.647  269.344
61.7473  270.334
61.8475  271.327
61.9477  272.321
62.048  273.318
62.1482  274.316
62.2484  275.316
62.3487  276.317
62.4489  277.321
62.5492  278.326
62.6494  279.333
62.7496  280.342
62.8499  281.353
62.9501  282.365
63.0504  283.379
63.1506  284.396
63.2508  285.414
63.3511  286.433
63.4513  287.455
63.5516  288.478
63.6518  289.503
63.752  290.53
63.8523  291.559
63.9525  292.59
64.0528  293.622
64.153  294.656
64.2532  295.692
64.3535  296.73
64.4537  297.77
64.5539  298.811
64.6542  299.854
64.7544  300.899
64.8547  301.946
64.9549  302.995
65.0551  304.045
65.1554  305.098
65.2556  306.152
65.3559  307.208
65.4561  308.265
65.5563  309.325
65.6566  310.386
65.7568  311.449
65.8571  312.514
65.9573  313.581
66.0575  314.649
66.1578  315.72
66.258  316.792
66.3582  317.866
66.4585  318.942
66.5587  320.019
66.659  321.099
66.7592  322.18
66.8594  323.263
66.9597  324.348
67.0599  325.434
67.1602  326.523
67.2604  327.613
67.3606  328.705
67.4609  329.799
67.5611  330.894
67.6614  331.992
67.7616  333.091
67.8618  334.192
67.9621  335.295
68.0623  336.399
68.1626  337.506
68.2628  338.614
68.363  339.724
68.4633  340.836
68.5635  341.95
68.6637  343.065
68.764  344.183
68.8642  345.302
68.9645  346.423
69.0647  347.545
69.1649  348.67
69.2652  349.796
69.3654  350.924
69.4657  352.054
69.5659  353.186
69.6661  354.32
69.7664  355.455
69.8666  356.592
69.9669  357.731
70.0671  358.872
70.1673  360.014
70.2676  361.159
70.3678  362.305
70.468  363.453
70.5683  364.603
70.6685  365.754
70.7688  366.908
70.869  368.063
70.9692  369.22
71.0695  370.379
71.1697  371.539
71.27  372.702
71.3702  373.866
71.4704  375.032
71.5707  376.2
71.6709  377.37
71.7712  378.541
71.8714  379.714
71.9716  380.889
72.0719  382.066
72.1721  383.245
72.2724  384.425
72.3726  385.608
72.4728  386.792
72.5731  387.978
72.6733  389.165
72.7735  390.355
72.8738  391.546
72.974  392.739
73.0743  393.934
73.1745  395.131
73.2747  396.329
73.375  397.53
73.4752  398.732
73.5755  399.936
73.6757  401.141
73.7759  402.349
73.8762  403.558
73.9764  404.769
74.0767  405.982
74.1769  407.197
74.2771  408.414
74.3774  409.632
74.4776  410.852
74.5778  412.074
74.6781  413.298
74.7783  414.523
74.8786  415.751
74.9788  416.98
75.079  418.211
75.1793  419.444
75.2795  420.678
75.3798  421.915
75.48  423.153
75.5802  424.393
75.6805  425.635
75.7807  426.878
75.881  428.124
75.9812  429.371
76.0814  430.62
76.1817  431.871
76.2819  433.123
76.3822  434.378
76.4824  435.634
76.5826  436.892
76.6829  438.152
76.7831  439.413
76.8833  440.677
76.9836  441.942
77.0838  443.209
77.1841  444.478
77.2843  445.749
77.3845  447.021
77.4848  448.295
77.585  449.571
77.6853  450.849
77.7855  452.129
77.8857  453.41
77.986  454.694
78.0862  455.979
78.1865  457.265
78.2867  458.554
78.3869  459.845
78.4872  461.137
78.5874  462.431
78.6877  463.727
78.7879  465.024
78.8881  466.324
78.9884  467.625
79.0886  468.928
79.1888  470.233
79.2891  471.54
79.3893  472.848
79.4896  474.159
79.5898  475.471
79.69  476.785
79.7903  478.1
79.8905  479.418
79.9908  480.737
80.091  482.058
80.1912  483.381
80.2915  484.706
80.3917  486.032
80.492  487.361
80.5922  488.691
80.6924  490.023
80.7927  491.356
80.8929  492.692
80.9931  494.029
81.0934  495.368
81.1936  496.709
81.2939  498.052
81.3941  499.396
81.4943  500.743
81.5946  502.091
81.6948  503.441
81.7951  504.792
81.8953  506.146
81.9955  507.501
82.0958  508.858
82.196  510.217
82.2963  511.578
82.3965  512.941
82.4967  514.305
82.597  515.671
82.6972  517.039
82.7975  518.409
82.8977  519.78
82.9979  521.153
83.0982  522.529
83.1984  523.906
83.2986  525.284
83.3989  526.665
83.4991  528.047
83.5994  529.431
83.6996  530.817
83.7998  532.205
83.9001  533.594
84.0003  534.986
84.1006  536.379
84.2008  537.774
84.301  539.171
84.4013  540.569
84.5015  541.969
84.6018  543.372
84.702  544.775
84.8022  546.181
84.9025  547.589
85.0027  548.998
85.1029  550.409
85.2032  551.822
85.3034  553.237
85.4037  554.653
85.5039  556.072
85.6041  557.492
85.7044  558.914
85.8046  560.338
85.9049  561.763
86.0051  563.19
86.1053  564.62
86.2056  566.05
86.3058  567.483
86.4061  568.918
86.5063  570.354
86.6065  571.792
86.7068  573.232
86.807  574.674
86.9073  576.117
87.0075  577.563
87.1077  579.01
87.208  580.459
87.3082  581.909
87.4084  583.362
87.5087  584.816
87.6089  586.272
87.7092  587.73
87.8094  589.19
87.9096  590.652
88.0099  592.115
88.1101  593.58
88.2104  595.047
88.3106  596.516
88.4108  597.986
88.5111  599.458
88.6113  600.933
88.7116  602.408
88.8118  603.886
88.912  605.366
89.0123  606.847
89.1125  608.33
89.2128  609.815
89.313  611.302
89.4132  612.79
89.5135  614.281
89.6137  615.773
89.7139  617.267
89.8142  618.762
89.9144  620.26
90.0147  621.759
90.1149  623.26
90.2151  624.763
90.3154  626.268
90.4156  627.774
90.5159  629.282
90.6161  630.793
90.7163  632.304
90.8166  633.818
90.9168  635.334
91.0171  636.851
91.1173  638.37
91.2175  639.891
91.3178  641.413
91.418  642.938
91.5182  644.464
91.6185  645.992
91.7187  647.522
91.819  649.054
91.9192  650.587
92.0194  652.123
92.1197  653.66
92.2199  655.198
92.3202  656.739
92.4204  658.282
92.5206  659.826
92.6209  661.372
92.7211  662.92
92.8214  664.469
92.9216  666.021
93.0218  667.574
93.1221  669.129
93.2223  670.686
93.3226  672.244
93.4228  673.805
93.523  675.367
93.6233  676.931
93.7235  678.497
93.8237  680.065
93.924  681.634
94.0242  683.205
94.1245  684.778
94.2247  686.353
94.3249  687.93
94.4252  689.508
94.5254  691.088
94.6257  692.67
94.7259  694.254
94.8261  695.84
94.9264  697.427
95.0266  699.016
95.1269  700.607
95.2271  702.2
95.3273  703.794
95.4276  705.391
95.5278  706.989
95.628  708.589
95.7283  710.191
95.8285  711.794
95.9288  713.4
96.029  715.007
96.1292  716.616
96.2295  718.226
96.3297  719.839
96.43  721.453
96.5302  723.069
96.6304  724.687
96.7307  726.307
96.8309  727.929
96.9312  729.552
97.0314  731.177
97.1316  732.804
97.2319  734.433
97.3321  736.063
97.4324  737.695
97.5326  739.33
97.6328  740.965
97.7331  742.603
97.8333  744.243
97.9335  745.884
98.0338  747.527
98.134  749.172
98.2343  750.819
98.3345  752.467
98.4347  754.117
98.535  755.769
98.6352  757.423
98.7355  759.079
98.8357  760.736
98.9359  762.396
99.0362  764.057
99.1364  765.719
99.2367  767.384
99.3369  769.05
99.4371  770.719
99.5374  772.389
99.6376  774.061
99.7379  775.734
99.8381  777.41
99.9383  779.087
100.039  780.766
100.139  782.447
