0  -3.89777e-07
0.0250598  -3.89777e-07
0.0501195  -3.89777e-07
0.0751793  -3.89777e-07
0.100239  -3.89777e-07
0.125299  -3.89777e-07
0.150359  -3.89777e-07
0.175418  -3.89777e-07
0.200478  -3.89777e-07
0.225538  -3.89777e-07
0.250598  -3.89777e-07
0.275657  -3.89777e-07
0.300717  -3.89777e-07
0.325777  -3.89777e-07
0.350837  -3.89777e-07
0.375896  -3.89777e-07
0.400956  -3.89777e-07
0.426016  -3.89777e-07
0.451076  -3.89777e-07
0.476135  -3.89777e-07
0.501195  -3.89777e-07
0.526255  -3.89777e-07
0.551315  -3.89777e-07
0.576375  -3.89777e-07
0.601434  -3.89777e-07
0.626494  -3.89777e-07
0.651554  -3.89777e-07
0.676614  -3.89777e-07
0.701673  -3.89777e-07
0.726733  -3.89777e-07
0.751793  -3.89777e-07
0.776853  -3.89777e-07
0.801912  -3.89777e-07
0.826972  -3.89777e-07
0.852032  -3.89777e-07
0.877092  -3.89777e-07
0.902151  -3.89777e-07
0.927211  -3.89777e-07
0.952271  -3.89777e-07
0.977331  -3.89777e-07
1.00239  -3.89777e-07
1.02745  -3.89777e-07
1.05251  -3.89777e-07
1.07757  -3.89777e-07
1.10263  -3.89777e-07
1.12769  -3.89777e-07
1.15275  -3.89777e-07
1.17781  -3.89777e-07
1.20287  -3.89777e-07
1.22793  -3.89777e-07
1.25299  -3.89777e-07
1.27805  -3.89777e-07
1.30311  -3.89777e-07
1.32817  -3.89777e-07
1.35323  -3.89777e-07
1.37829  -3.89777e-07
1.40335  -3.89777e-07
1.42841  -3.89777e-07
1.45347  -3.89777e-07
1.47853  -3.89777e-07
1.50359  -3.89777e-07
1.52865  -3.89777e-07
1.55371  -3.89777e-07
1.57876  -3.89777e-07
1.60382  -3.89777e-07
1.62888  -3.89777e-07
1.65394  -3.89777e-07
1.679  -3.89777e-07
1.70406  -3.89777e-07
1.72912  -3.89777e-07
1.75418  -3.89777e-07
1.77924  -3.89777e-07
1.8043  -3.89777e-07
1.82936  -3.89777e-07
1.85442  -3.89777e-07
1.87948  -3.89777e-07
1.90454  -3.89777e-07
1.9296  -3.89777e-07
1.95466  -3.89777e-07
1.97972  -3.89777e-07
2.00478  -3.89777e-07
2.02984  -3.89777e-07
2.0549  -3.89777e-07
2.07996  -3.89777e-07
2.10502  -3.89777e-07
2.13008  -3.89777e-07
2.15514  -3.89777e-07
2.1802  -3.89777e-07
2.20526  -3.89777e-07
2.23032  -3.89777e-07
2.25538  -3.89777e-07
2.28044  -3.89777e-07
2.3055  -3.89777e-07
2.33056  -3.89777e-07
2.35562  -3.89777e-07
2.38068  -3.89777e-07
2.40574  -3.89777e-07
2.4308  -3.89777e-07
2.45586  -3.89777e-07
2.48092  -3.89777e-07
2.50598  -3.89777e-07
2.53104  -3.89777e-07
2.5561  -3.89777e-07
2.58116  -3.89777e-07
2.60622  -3.89777e-07
2.63127  -3.89777e-07
2.65633  -3.89777e-07
2.68139  -3.89777e-07
2.70645  -3.89777e-07
2.73151  -3.89777e-07
2.75657  -3.89777e-07
2.78163  -3.89777e-07
2.80669  -3.89777e-07
2.83175  -3.89777e-07
2.85681  -3.89777e-07
2.88187  -3.89777e-07
2.90693  -3.89777e-07
2.93199  -3.89777e-07
2.95705  -3.89777e-07
2.98211  -3.89777e-07
3.00717  -3.89777e-07
3.03223  -3.89777e-07
3.05729  -3.89777e-07
3.08235  -3.89777e-07
3.10741  -3.89777e-07
3.13247  -3.89777e-07
3.15753  -3.89777e-07
3.18259  -3.89777e-07
3.20765  -3.89777e-07
3.23271  -3.89777e-07
3.25777  -3.89777e-07
3.28283  -3.89777e-07
3.30789  -3.89777e-07
3.33295  -3.89777e-07
3.35801  -3.89777e-07
3.38307  -3.89777e-07
3.40813  -3.89777e-07
3.43319  -3.89777e-07
3.45825  -3.89777e-07
3.48331  -3.89777e-07
3.50837  -3.89777e-07
3.53343  -3.89777e-07
3.55849  -3.89777e-07
3.58355  -3.89777e-07
3.60861  -3.89777e-07
3.63367  -3.89777e-07
3.65873  -3.89777e-07
3.68378  -3.89777e-07
3.70884  -3.89777e-07
3.7339  -3.89777e-07
3.75896  -3.89777e-07
3.78402  -3.89777e-07
3.80908  -3.89777e-07
3.83414  -3.89777e-07
3.8592  -3.89777e-07
3.88426  -3.89777e-07
3.90932  -3.89777e-07
3.93438  -3.89777e-07
3.95944  -3.89777e-07
3.9845  -3.89777e-07
4.00956  -3.89777e-07
4.03462  -3.89777e-07
4.05968  -3.89777e-07
4.08474  -3.89777e-07
4.1098  -3.89777e-07
4.13486  -3.89777e-07
4.15992  -3.89777e-07
4.18498  -3.89777e-07
4.21004  -3.89777e-07
4.2351  -3.89777e-07
4.26016  -3.89777e-07
4.28522  -3.89777e-07
4.31028  -3.89777e-07
4.33534  -3.89777e-07
4.3604  -3.89777e-07
4.38546  -3.89777e-07
4.41052  -3.89777e-07
4.43558  -3.89777e-07
4.46064  -3.89777e-07
4.4857  -3.89777e-07
4.51076  -3.89777e-07
4.53582  -3.89777e-07
4.56088  -3.89777e-07
4.58594  -3.89777e-07
4.611  -3.89777e-07
4.63606  -3.89777e-07
4.66112  -3.89777e-07
4.68618  -3.89777e-07
4.71124  -3.89777e-07
4.73629  -3.89777e-07
4.76135  -3.89777e-07
4.78641  -3.89777e-07
4.81147  -3.89777e-07
4.83653  -3.89777e-07
4.86159  -3.89777e-07
4.88665  -3.89777e-07
4.91171  -3.89777e-07
4.93677  -3.89777e-07
4.96183  -3.89777e-07
4.98689  -3.89777e-07
5.01195  -3.89777e-07
5.03701  -3.89777e-07
5.06207  -3.89777e-07
5.08713  -3.89777e-07
5.11219  -3.89777e-07
5.13725  -3.89777e-07
5.16231  -3.89777e-07
5.18737  -3.89777e-07
5.21243  -3.89777e-07
5.23749  -3.89777e-07
5.26255  -3.89777e-07
5.28761  -3.89777e-07
5.31267  -3.89777e-07
5.33773  -3.89777e-07
5.36279  -3.89777e-07
5.38785  -3.89777e-07
5.41291  -3.89777e-07
5.43797  -3.89777e-07
5.46303  -3.89777e-07
5.48809  -3.89777e-07
5.51315  -3.89777e-07
5.53821  -3.89777e-07
5.56327  -3.89777e-07
5.58833  -3.89777e-07
5.61339  -3.89777e-07
5.63845  -3.89777e-07
5.66351  -3.89777e-07
5.68857  -3.89777e-07
5.71363  -3.89777e-07
5.73869  -3.89777e-07
5.76375  -3.89777e-07
5.7888  -3.89777e-07
5.81386  -3.89777e-07
5.83892  -3.89777e-07
5.86398  -3.89777e-07
5.88904  -3.89777e-07
5.9141  -3.89777e-07
5.93916  -3.89777e-07
5.96422  -3.89777e-07
5.98928  -3.89777e-07
6.01434  -3.89777e-07
6.0394  -3.89777e-07
6.06446  -3.89777e-07
6.08952  -3.89777e-07
6.11458  -3.89777e-07
6.13964  -3.89777e-07
6.1647  -3.89777e-07
6.18976  -3.89777e-07
6.21482  -3.89777e-07
6.23988  -3.89777e-07
6.26494  -3.89777e-07
6.29  -3.89777e-07
6.31506  -3.89777e-07
6.34012  -3.89777e-07
6.36518  -3.89777e-07
6.39024  -3.89777e-07
6.4153  -3.89777e-07
6.44036  -3.89777e-07
6.46542  -3.89777e-07
6.49048  -3.89777e-07
6.51554  -3.89777e-07
6.5406  -3.89777e-07
6.56566  -3.89777e-07
6.59072  -3.89777e-07
6.61578  -3.89777e-07
6.64084  -3.89777e-07
6.6659  -3.89777e-07
6.69096  -3.89777e-07
6.71602  -3.89777e-07
6.74108  -3.89777e-07
6.76614  -3.89777e-07
6.7912  -3.89777e-07
6.81626  -3.89777e-07
6.84131  -3.89777e-07
6.86637  -3.89777e-07
6.89143  -3.89777e-07
6.91649  -3.89777e-07
6.94155  -3.89777e-07
6.96661  -3.89777e-07
6.99167  -3.89777e-07
7.01673  -3.89777e-07
7.04179  -3.89777e-07
7.06685  -3.89777e-07
7.09191  -3.89777e-07
7.11697  -3.89777e-07
7.14203  -3.89777e-07
7.16709  -3.89777e-07
7.19215  -3.89777e-07
7.21721  -3.89777e-07
7.24227  -3.89777e-07
7.26733  -3.89777e-07
7.29239  -3.89777e-07
7.31745  0
7.34251  3.89857e-05
7.36757  0.000155907
7.39263  0.000350711
7.41769  0.000623346
7.44275  0.000973757
7.46781  0.00140189
7.49287  0.0019077
7.51793  0.00249113
7.54299  0.00315213
7.56805  0.00389065
7.59311  0.00470662
7.61817  0.00560002
7.64323  0.00657077
7.66829  0.00761884
7.69335  0.00874416
7.71841  0.00994669
7.74347  0.0112264
7.76853  0.0125832
7.79359  0.014017
7.81865  0.0155279
7.84371  0.0171157
7.86877  0.0187804
7.89382  0.0205219
7.91888  0.0223403
7.94394  0.0242354
7.969  0.0262072
7.99406  0.0282557
8.01912  0.0303808
8.04418  0.0325824
8.06924  0.0348605
8.0943  0.037215
8.11936  0.039646
8.14442  0.0421533
8.16948  0.0447369
8.19454  0.0473967
8.2196  0.0501328
8.24466  0.0529449
8.26972  0.0558332
8.29478  0.0587976
8.31984  0.0618379
8.3449  0.0649542
8.36996  0.0681463
8.39502  0.0714143
8.42008  0.0747581
8.44514  0.0781777
8.4702  0.0816729
8.49526  0.0852438
8.52032  0.0888903
8.54538  0.0926123
8.57044  0.0964098
8.5955  0.100283
8.62056  0.104231
8.64562  0.108255
8.67068  0.112354
8.69574  0.116528
8.7208  0.120778
8.74586  0.125102
8.77092  0.129502
8.79598  0.133976
8.82104  0.138526
8.8461  0.143151
8.87116  0.14785
8.89622  0.152625
8.92128  0.157474
8.94633  0.162398
8.97139  0.167396
8.99645  0.17247
9.02151  0.177617
9.04657  0.18284
9.07163  0.188137
9.09669  0.193508
9.12175  0.198954
9.14681  0.204474
9.17187  0.210068
9.19693  0.215736
9.22199  0.221479
9.24705  0.227296
9.27211  0.233187
9.29717  0.239152
9.32223  0.245191
9.34729  0.251304
9.37235  0.257491
9.39741  0.263751
9.42247  0.270086
9.44753  0.276494
9.47259  0.282976
9.49765  0.289531
9.52271  0.29616
9.54777  0.302863
9.57283  0.309639
9.59789  0.316488
9.62295  0.323411
9.64801  0.330407
9.67307  0.337477
9.69813  0.344619
9.72319  0.351835
9.74825  0.359124
9.77331  0.366486
9.79837  0.373922
9.82343  0.38143
9.84849  0.389011
9.87355  0.396665
9.89861  0.404391
9.92367  0.412191
9.94873  0.420063
9.97379  0.428008
9.99884  0.436026
10.0239  0.444116
10.049  0.452279
10.074  0.460514
10.0991  0.468821
10.1241  0.477201
10.1492  0.485654
10.1743  0.494178
10.1993  0.502775
10.2244  0.511444
10.2494  0.520185
10.2745  0.528998
10.2996  0.537884
10.3246  0.546841
10.3497  0.55587
10.3747  0.564971
10.3998  0.574144
10.4249  0.583388
10.4499  0.592705
10.475  0.602093
10.5  0.611552
10.5251  0.621084
10.5502  0.630687
10.5752  0.640361
10.6003  0.650107
10.6253  0.659924
10.6504  0.669812
10.6755  0.679772
10.7005  0.689803
10.7256  0.699905
10.7506  0.710078
10.7757  0.720323
10.8008  0.730638
10.8258  0.741024
10.8509  0.751482
10.8759  0.76201
10.901  0.772609
10.9261  0.783279
10.9511  0.79402
10.9762  0.804831
11.0012  0.815713
11.0263  0.826666
11.0514  0.837689
11.0764  0.848782
11.1015  0.859947
11.1265  0.871181
11.1516  0.882486
11.1767  0.893861
11.2017  0.905307
11.2268  0.916822
11.2518  0.928408
11.2769  0.940064
11.302  0.95179
11.327  0.963586
11.3521  0.975452
11.3771  0.987388
11.4022  0.999394
11.4273  1.01147
11.4523  1.02361
11.4774  1.03583
11.5024  1.04811
11.5275  1.06047
11.5525  1.07289
11.5776  1.08539
11.6027  1.09795
11.6277  1.11058
11.6528  1.12328
11.6778  1.13606
11.7029  1.1489
11.728  1.16181
11.753  1.17479
11.7781  1.18783
11.8031  1.20095
11.8282  1.21414
11.8533  1.22739
11.8783  1.24072
11.9034  1.25411
11.9284  1.26757
11.9535  1.2811
11.9786  1.2947
12.0036  1.30837
12.0287  1.32211
12.0537  1.33592
12.0788  1.34979
12.1039  1.36373
12.1289  1.37775
12.154  1.39183
12.179  1.40597
12.2041  1.42019
12.2292  1.43448
12.2542  1.44883
12.2793  1.46325
12.3043  1.47774
12.3294  1.4923
12.3545  1.50693
12.3795  1.52162
12.4046  1.53638
12.4296  1.55121
12.4547  1.56611
12.4798  1.58108
12.5048  1.59611
12.5299  1.61121
12.5549  1.62638
12.58  1.64162
12.6051  1.65692
12.6301  1.6723
12.6552  1.68774
12.6802  1.70324
12.7053  1.71882
12.7304  1.73446
12.7554  1.75017
12.7805  1.76595
12.8055  1.78179
12.8306  1.7977
12.8557  1.81368
12.8807  1.82973
12.9058  1.84584
12.9308  1.86202
12.9559  1.87827
12.981  1.89458
13.006  1.91096
13.0311  1.92741
13.0561  1.94392
13.0812  1.96051
13.1063  1.97715
13.1313  1.99387
13.1564  2.01065
13.1814  2.0275
13.2065  2.04441
13.2316  2.0614
13.2566  2.07844
13.2817  2.09556
13.3067  2.11274
13.3318  2.12999
13.3569  2.1473
13.3819  2.16468
13.407  2.18213
13.432  2.19964
13.4571  2.21722
13.4822  2.23486
13.5072  2.25257
13.5323  2.27035
13.5573  2.28819
13.5824  2.3061
13.6075  2.32407
13.6325  2.34211
13.6576  2.36022
13.6826  2.37839
13.7077  2.39663
13.7327  2.41493
13.7578  2.4333
13.7829  2.45174
13.8079  2.47024
13.833  2.4888
13.858  2.50743
13.8831  2.52613
13.9082  2.54489
13.9332  2.56372
13.9583  2.58261
13.9833  2.60157
14.0084  2.62059
14.0335  2.63968
14.0585  2.65884
14.0836  2.67805
14.1086  2.69734
14.1337  2.71669
14.1588  2.7361
14.1838  2.75558
14.2089  2.77512
14.2339  2.79473
14.259  2.8144
14.2841  2.83414
14.3091  2.85395
14.3342  2.87381
14.3592  2.89375
14.3843  2.91374
14.4094  2.9338
14.4344  2.95393
14.4595  2.97412
14.4845  2.99438
14.5096  3.0147
14.5347  3.03508
14.5597  3.05553
14.5848  3.07604
14.6098  3.09662
14.6349  3.11726
14.66  3.13796
14.685  3.15873
14.7101  3.17957
14.7351  3.20046
14.7602  3.22143
14.7853  3.24245
14.8103  3.26354
14.8354  3.28469
14.8604  3.30591
14.8855  3.32719
14.9106  3.34854
14.9356  3.36995
14.9607  3.39142
14.9857  3.41296
15.0108  3.43456
15.0359  3.45622
15.0609  3.47795
15.086  3.49974
15.111  3.52159
15.1361  3.54351
15.1612  3.56549
15.1862  3.58753
15.2113  3.60964
15.2363  3.63181
15.2614  3.65405
15.2865  3.67635
15.3115  3.69871
15.3366  3.72113
15.3616  3.74362
15.3867  3.76617
15.4118  3.78878
15.4368  3.81146
15.4619  3.8342
15.4869  3.857
15.512  3.87986
15.5371  3.90279
15.5621  3.92578
15.5872  3.94884
15.6122  3.97195
15.6373  3.99513
15.6624  4.01837
15.6874  4.04168
15.7125  4.06504
15.7375  4.08847
15.7626  4.11197
15.7876  4.13552
15.8127  4.15914
15.8378  4.18282
15.8628  4.20656
15.8879  4.23036
15.9129  4.25423
15.938  4.27816
15.9631  4.30215
15.9881  4.3262
16.0132  4.35032
16.0382  4.3745
16.0633  4.39874
16.0884  4.42304
16.1134  4.4474
16.1385  4.47183
16.1635  4.49632
16.1886  4.52087
16.2137  4.54548
16.2387  4.57015
16.2638  4.59489
16.2888  4.61968
16.3139  4.64454
16.339  4.66946
16.364  4.69445
16.3891  4.71949
16.4141  4.7446
16.4392  4.76976
16.4643  4.79499
16.4893  4.82028
16.5144  4.84563
16.5394  4.87105
16.5645  4.89652
16.5896  4.92206
16.6146  4.94765
16.6397  4.97331
16.6647  4.99903
16.6898  5.02481
16.7149  5.05066
16.7399  5.07656
16.765  5.10253
16.79  5.12855
16.8151  5.15464
16.8402  5.18079
16.8652  5.207
16.8903  5.23327
16.9153  5.2596
16.9404  5.28599
16.9655  5.31244
16.9905  5.33895
17.0156  5.36553
17.0406  5.39216
17.0657  5.41886
17.0908  5.44562
17.1158  5.47243
17.1409  5.49931
17.1659  5.52625
17.191  5.55325
17.2161  5.58031
17.2411  5.60743
17.2662  5.63461
17.2912  5.66185
17.3163  5.68915
17.3414  5.71651
17.3664  5.74394
17.3915  5.77142
17.4165  5.79896
17.4416  5.82656
17.4667  5.85423
17.4917  5.88195
17.5168  5.90973
17.5418  5.93758
17.5669  5.96548
17.592  5.99345
17.617  6.02147
17.6421  6.04955
17.6671  6.0777
17.6922  6.1059
17.7173  6.13417
17.7423  6.16249
17.7674  6.19087
17.7924  6.21932
17.8175  6.24782
17.8426  6.27638
17.8676  6.305
17.8927  6.33369
17.9177  6.36243
17.9428  6.39123
17.9678  6.42009
17.9929  6.44901
18.018  6.47799
18.043  6.50703
18.0681  6.53613
18.0931  6.56529
18.1182  6.59451
18.1433  6.62379
18.1683  6.65312
18.1934  6.68252
18.2184  6.71197
18.2435  6.74149
18.2686  6.77106
18.2936  6.8007
18.3187  6.83039
18.3437  6.86014
18.3688  6.88995
18.3939  6.91982
18.4189  6.94975
18.444  6.97974
18.469  7.00978
18.4941  7.03989
18.5192  7.07005
18.5442  7.10028
18.5693  7.13056
18.5943  7.1609
18.6194  7.1913
18.6445  7.22176
18.6695  7.25228
18.6946  7.28285
18.7196  7.31349
18.7447  7.34418
18.7698  7.37494
18.7948  7.40575
18.8199  7.43662
18.8449  7.46754
18.87  7.49853
18.8951  7.52958
18.9201  7.56068
18.9452  7.59184
18.9702  7.62306
18.9953  7.65434
19.0204  7.68568
19.0454  7.71707
19.0705  7.74853
19.0955  7.78004
19.1206  7.81161
19.1457  7.84324
19.1707  7.87492
19.1958  7.90667
19.2208  7.93847
19.2459  7.97033
19.271  8.00225
19.296  8.03423
19.3211  8.06626
19.3461  8.09836
19.3712  8.13051
19.3963  8.16272
19.4213  8.19498
19.4464  8.22731
19.4714  8.25969
19.4965  8.29213
19.5216  8.32463
19.5466  8.35719
19.5717  8.3898
19.5967  8.42247
19.6218  8.4552
19.6469  8.48799
19.6719  8.52083
19.697  8.55373
19.722  8.58669
19.7471  8.61971
19.7722  8.65278
19.7972  8.68592
19.8223  8.71911
19.8473  8.75235
19.8724  8.78566
19.8975  8.81902
19.9225  8.85244
19.9476  8.88591
19.9726  8.91945
19.9977  8.95304
20.0227  8.98669
20.0478  9.02039
20.0729  9.05415
20.0979  9.08797
20.123  9.12185
20.148  9.15579
20.1731  9.18978
20.1982  9.22382
20.2232  9.25793
20.2483  9.29209
20.2733  9.32631
20.2984  9.36059
20.3235  9.39492
20.3485  9.42931
20.3736  9.46376
20.3986  9.49826
20.4237  9.53282
20.4488  9.56744
20.4738  9.60211
20.4989  9.63684
20.5239  9.67163
20.549  9.70648
20.5741  9.74138
20.5991  9.77633
20.6242  9.81135
20.6492  9.84642
20.6743  9.88155
20.6994  9.91673
20.7244  9.95197
20.7495  9.98727
20.7745  10.0226
20.7996  10.058
20.8247  10.0935
20.8497  10.129
20.8748  10.1646
20.8998  10.2002
20.9249  10.2359
20.95  10.2717
20.975  10.3075
21.0001  10.3433
21.0251  10.3793
21.0502  10.4152
21.0753  10.4513
21.1003  10.4873
21.1254  10.5235
21.1504  10.5597
21.1755  10.5959
21.2006  10.6322
21.2256  10.6686
21.2507  10.705
21.2757  10.7415
21.3008  10.778
21.3259  10.8146
21.3509  10.8513
21.376  10.888
21.401  10.9247
21.4261  10.9615
21.4512  10.9984
21.4762  11.0353
21.5013  11.0723
21.5263  11.1094
21.5514  11.1464
21.5765  11.1836
21.6015  11.2208
21.6266  11.2581
21.6516  11.2954
21.6767  11.3327
21.7018  11.3702
21.7268  11.4076
21.7519  11.4452
21.7769  11.4828
21.802  11.5204
21.8271  11.5581
21.8521  11.5959
21.8772  11.6337
21.9022  11.6716
21.9273  11.7095
21.9524  11.7475
21.9774  11.7855
22.0025  11.8236
22.0275  11.8617
22.0526  11.8999
22.0776  11.9382
22.1027  11.9765
22.1278  12.0149
22.1528  12.0533
22.1779  12.0918
22.2029  12.1303
22.228  12.1689
22.2531  12.2075
22.2781  12.2462
22.3032  12.285
22.3282  12.3238
22.3533  12.3626
22.3784  12.4016
22.4034  12.4405
22.4285  12.4795
22.4535  12.5186
22.4786  12.5578
22.5037  12.597
22.5287  12.6362
22.5538  12.6755
22.5788  12.7149
22.6039  12.7543
22.629  12.7937
22.654  12.8332
22.6791  12.8728
22.7041  12.9125
22.7292  12.9521
22.7543  12.9919
22.7793  13.0317
22.8044  13.0715
22.8294  13.1114
22.8545  13.1514
22.8796  13.1914
22.9046  13.2314
22.9297  13.2716
22.9547  13.3117
22.9798  13.352
23.0049  13.3922
23.0299  13.4326
23.055  13.473
23.08  13.5134
23.1051  13.5539
23.1302  13.5945
23.1552  13.6351
23.1803  13.6757
23.2053  13.7165
23.2304  13.7572
23.2555  13.798
23.2805  13.8389
23.3056  13.8799
23.3306  13.9208
23.3557  13.9619
23.3808  14.003
23.4058  14.0441
23.4309  14.0853
23.4559  14.1266
23.481  14.1679
23.5061  14.2093
23.5311  14.2507
23.5562  14.2922
23.5812  14.3337
23.6063  14.3753
23.6314  14.4169
23.6564  14.4586
23.6815  14.5003
23.7065  14.5421
23.7316  14.584
23.7567  14.6259
23.7817  14.6678
23.8068  14.7098
23.8318  14.7519
23.8569  14.794
23.882  14.8362
23.907  14.8784
23.9321  14.9207
23.9571  14.963
23.9822  15.0054
24.0073  15.0479
24.0323  15.0903
24.0574  15.1329
24.0824  15.1755
24.1075  15.2181
24.1326  15.2609
24.1576  15.3036
24.1827  15.3464
24.2077  15.3893
24.2328  15.4322
24.2578  15.4752
24.2829  15.5182
24.308  15.5613
24.333  15.6044
24.3581  15.6476
24.3831  15.6908
24.4082  15.7341
24.4333  15.7775
24.4583  15.8209
24.4834  15.8643
24.5084  15.9078
24.5335  15.9514
24.5586  15.995
24.5836  16.0387
24.6087  16.0824
24.6337  16.1262
24.6588  16.17
24.6839  16.2139
24.7089  16.2578
24.734  16.3018
24.759  16.3458
24.7841  16.3899
24.8092  16.434
24.8342  16.4782
24.8593  16.5225
24.8843  16.5668
24.9094  16.6111
24.9345  16.6555
24.9595  16.7
24.9846  16.7445
25.0096  16.7891
25.0347  16.8337
