0  -1.79214e-06
0.100099  -1.79214e-06
0.200197  -1.79214e-06
0.300296  -1.79214e-06
0.400395  -1.79214e-06
0.500493  -1.79214e-06
0.600592  -1.79214e-06
0.700691  -1.79214e-06
0.80079  -1.79214e-06
0.900888  -1.79214e-06
1.00099  -1.79214e-06
1.10109  -1.79214e-06
1.20118  -1.79214e-06
1.30128  -1.79214e-06
1.40138  -1.79214e-06
1.50148  -1.79214e-06
1.60158  -1.79214e-06
1.70168  -1.79214e-06
1.80178  -1.79214e-06
1.90188  -1.79214e-06
2.00197  -1.79214e-06
2.10207  -1.79214e-06
2.20217  -1.79214e-06
2.30227  -1.79214e-06
2.40237  -1.79214e-06
2.50247  -1.79214e-06
2.60257  -1.79214e-06
2.70266  -1.79214e-06
2.80276  -1.79214e-06
2.90286  -1.79214e-06
3.00296  -1.79214e-06
3.10306  -1.79214e-06
3.20316  -1.79214e-06
3.30326  -1.79214e-06
3.40336  -1.79214e-06
3.50345  -1.79214e-06
3.60355  -1.79214e-06
3.70365  -1.79214e-06
3.80375  -1.79214e-06
3.90385  -1.79214e-06
4.00395  -1.79214e-06
4.10405  -1.79214e-06
4.20415  -1.79214e-06
4.30424  -1.79214e-06
4.40434  -1.79214e-06
4.50444  -1.79214e-06
4.60454  -1.79214e-06
4.70464  -1.79214e-06
4.80474  -1.79214e-06
4.90484  -1.79214e-06
5.00493  -1.79214e-06
5.10503  -1.79214e-06
5.20513  -1.79214e-06
5.30523  -1.79214e-06
5.40533  -1.79214e-06
5.50543  -1.79214e-06
5.60553  -1.79214e-06
5.70563  -1.79214e-06
5.80572  -1.79214e-06
5.90582  -1.79214e-06
6.00592  -1.79214e-06
6.10602  -1.79214e-06
6.20612  -1.79214e-06
6.30622  -1.79214e-06
6.40632  -1.79214e-06
6.50642  -1.79214e-06
6.60651  -1.79214e-06
6.70661  -1.79214e-06
6.80671  -1.79214e-06
6.90681  -1.79214e-06
7.00691  -1.79214e-06
7.10701  -1.79214e-06
7.20711  -1.79214e-06
7.3072  -1.79214e-06
7.4073  -1.79214e-06
7.5074  -1.79214e-06
7.6075  -1.79214e-06
7.7076  -1.79214e-06
7.8077  -1.79214e-06
7.9078  -1.79214e-06
8.0079  -1.79214e-06
8.10799  -1.79214e-06
8.20809  -1.79214e-06
8.30819  -1.79214e-06
8.40829  -1.79214e-06
8.50839  -1.79214e-06
8.60849  -1.79214e-06
8.70859  -1.79214e-06
8.80869  -1.79214e-06
8.90878  -1.79214e-06
9.00888  -1.79214e-06
9.10898  -1.79214e-06
9.20908  -1.79214e-06
9.30918  -1.79214e-06
9.40928  -1.79214e-06
9.50938  -1.79214e-06
9.60947  -1.79214e-06
9.70957  -1.79214e-06
9.80967  -1.79214e-06
9.90977  -1.79214e-06
10.0099  -1.79214e-06
10.11  -1.79214e-06
10.2101  -1.79214e-06
10.3102  -1.79214e-06
10.4103  -1.79214e-06
10.5104  -1.79214e-06
10.6105  -1.79214e-06
10.7106  -1.79214e-06
10.8107  -1.79214e-06
10.9108  -1.79214e-06
11.0109  -1.79214e-06
11.111  -1.79214e-06
11.2111  -1.79214e-06
11.3112  -1.79214e-06
11.4113  -1.79214e-06
11.5113  -1.79214e-06
11.6114  -1.79214e-06
11.7115  -1.79214e-06
11.8116  -1.79214e-06
11.9117  -1.79214e-06
12.0118  -1.79214e-06
12.1119  -1.79214e-06
12.212  -1.79214e-06
12.3121  -1.79214e-06
12.4122  -1.79214e-06
12.5123  -1.79214e-06
12.6124  -1.79214e-06
12.7125  -1.79214e-06
12.8126  -1.79214e-06
12.9127  -1.79214e-06
13.0128  -1.79214e-06
13.1129  -1.79214e-06
13.213  -1.79214e-06
13.3131  -1.79214e-06
13.4132  -1.79214e-06
13.5133  -1.79214e-06
13.6134  -1.79214e-06
13.7135  -1.79214e-06
13.8136  -1.79214e-06
13.9137  -1.79214e-06
14.0138  -1.79214e-06
14.1139  -1.79214e-06
14.214  -1.79214e-06
14.3141  -1.79214e-06
14.4142  -1.79214e-06
14.5143  -1.79214e-06
14.6144  -1.79214e-06
14.7145  -1.79214e-06
14.8146  -1.79214e-06
14.9147  -1.79214e-06
15.0148  -1.79214e-06
15.1149  -1.79214e-06
15.215  -1.79214e-06
15.3151  -1.79214e-06
15.4152  -1.79214e-06
15.5153  -1.79214e-06
15.6154  -1.79214e-06
15.7155  -1.79214e-06
15.8156  -1.79214e-06
15.9157  -1.79214e-06
16.0158  -1.79214e-06
16.1159  -1.79214e-06
16.216  -1.79214e-06
16.3161  -1.79214e-06
16.4162  -1.79214e-06
16.5163  -1.79214e-06
16.6164  -1.79214e-06
16.7165  -1.79214e-06
16.8166  -1.79214e-06
16.9167  -1.79214e-06
17.0168  -1.79214e-06
17.1169  -1.79214e-06
17.217  -1.79214e-06
17.3171  -1.79214e-06
17.4172  -1.79214e-06
17.5173  -1.79214e-06
17.6174  -1.79214e-06
17.7175  -1.79214e-06
17.8176  -1.79214e-06
17.9177  -1.79214e-06
18.0178  -1.79214e-06
18.1179  -1.79214e-06
18.218  -1.79214e-06
18.3181  -1.79214e-06
18.4182  -1.79214e-06
18.5183  -1.79214e-06
18.6184  -1.79214e-06
18.7185  -1.79214e-06
18.8186  -1.79214e-06
18.9187  -1.79214e-06
19.0188  -1.79214e-06
19.1189  -1.79214e-06
19.2189  -1.79214e-06
19.319  -1.79214e-06
19.4191  -1.79214e-06
19.5192  -1.79214e-06
19.6193  -1.79214e-06
19.7194  -1.79214e-06
19.8195  -1.79214e-06
19.9196  -1.79214e-06
20.0197  -1.79214e-06
20.1198  -1.79214e-06
20.2199  -1.79214e-06
20.32  -1.79214e-06
20.4201  -1.79214e-06
20.5202  -1.79214e-06
20.6203  -1.79214e-06
20.7204  -1.79214e-06
20.8205  -1.79214e-06
20.9206  -1.79214e-06
21.0207  -1.79214e-06
21.1208  -1.79214e-06
21.2209  -1.79214e-06
21.321  0
21.4211  0.000179236
21.5212  0.000716545
21.6213  0.00161134
21.7214  0.00286304
21.8215  0.00447108
21.9216  0.00643489
22.0217  0.00875392
22.1218  0.0114276
22.2219  0.0144555
22.322  0.0178369
22.4221  0.0215714
22.5222  0.0256585
22.6223  0.0300975
22.7224  0.0348881
22.8225  0.0400297
22.9226  0.0455218
23.0227  0.0513638
23.1228  0.0575554
23.2229  0.0640959
23.323  0.0709849
23.4231  0.0782219
23.5232  0.0858063
23.6233  0.0937378
23.7234  0.102016
23.8235  0.11064
23.9236  0.119609
24.0237  0.128924
24.1238  0.138583
24.2239  0.148586
24.324  0.158933
24.4241  0.169622
24.5242  0.180654
24.6243  0.192029
24.7244  0.203745
24.8245  0.215802
24.9246  0.228199
25.0247  0.240937
25.1248  0.254014
25.2249  0.267431
25.325  0.281186
25.4251  0.295279
25.5252  0.30971
25.6253  0.324478
25.7254  0.339582
25.8255  0.355023
25.9256  0.370799
26.0257  0.38691
26.1258  0.403356
26.2259  0.420136
26.326  0.43725
26.4261  0.454696
26.5262  0.472476
26.6263  0.490587
26.7264  0.50903
26.8265  0.527804
26.9265  0.546908
27.0266  0.566343
27.1267  0.586107
27.2268  0.6062
27.3269  0.626621
27.427  0.647371
27.5271  0.668447
27.6272  0.689851
27.7273  0.711581
27.8274  0.733637
27.9275  0.756019
28.0276  0.778725
28.1277  0.801755
28.2278  0.82511
28.3279  0.848787
28.428  0.872788
28.5281  0.89711
28.6282  0.921754
28.7283  0.94672
28.8284  0.972006
28.9285  0.997612
29.0286  1.02354
29.1287  1.04978
29.2288  1.07635
29.3289  1.10323
29.429  1.13043
29.5291  1.15794
29.6292  1.18578
29.7293  1.21392
29.8294  1.24239
29.9295  1.27117
30.0296  1.30026
30.1297  1.32967
30.2298  1.35939
30.3299  1.38942
30.43  1.41976
30.5301  1.45042
30.6302  1.48139
30.7303  1.51267
30.8304  1.54426
30.9305  1.57615
31.0306  1.60836
31.1307  1.64088
31.2308  1.6737
31.3309  1.70683
31.431  1.74027
31.5311  1.77402
31.6312  1.80807
31.7313  1.84243
31.8314  1.87709
31.9315  1.91205
32.0316  1.94732
32.1317  1.9829
32.2318  2.01877
32.3319  2.05495
32.432  2.09143
32.5321  2.12822
32.6322  2.1653
32.7323  2.20268
32.8324  2.24036
32.9325  2.27835
33.0326  2.31663
33.1327  2.35521
33.2328  2.39408
33.3329  2.43326
33.433  2.47273
33.5331  2.5125
33.6332  2.55256
33.7333  2.59292
33.8334  2.63357
33.9335  2.67452
34.0336  2.71576
34.1337  2.7573
34.2338  2.79913
34.3339  2.84125
34.434  2.88366
34.534  2.92636
34.6341  2.96936
34.7342  3.01264
34.8343  3.05621
34.9344  3.10008
35.0345  3.14423
35.1346  3.18867
35.2347  3.2334
35.3348  3.27842
35.4349  3.32372
35.535  3.36931
35.6351  3.41519
35.7352  3.46135
35.8353  3.5078
35.9354  3.55453
36.0355  3.60155
36.1356  3.64884
36.2357  3.69643
36.3358  3.74429
36.4359  3.79244
36.536  3.84087
36.6361  3.88958
36.7362  3.93857
36.8363  3.98785
36.9364  4.0374
37.0365  4.08723
37.1366  4.13734
37.2367  4.18773
37.3368  4.2384
37.4369  4.28935
37.537  4.34057
37.6371  4.39207
37.7372  4.44385
37.8373  4.4959
37.9374  4.54823
38.0375  4.60083
38.1376  4.65371
38.2377  4.70686
38.3378  4.76029
38.4379  4.81398
38.538  4.86796
38.6381  4.9222
38.7382  4.97672
38.8383  5.03151
38.9384  5.08657
39.0385  5.1419
39.1386  5.1975
39.2387  5.25337
39.3388  5.30951
39.4389  5.36592
39.539  5.42259
39.6391  5.47954
39.7392  5.53675
39.8393  5.59424
39.9394  5.65198
40.0395  5.71
40.1396  5.76828
40.2397  5.82683
40.3398  5.88564
40.4399  5.94472
40.54  6.00406
40.6401  6.06367
40.7402  6.12354
40.8403  6.18367
40.9404  6.24407
41.0405  6.30473
41.1406  6.36565
41.2407  6.42683
41.3408  6.48828
41.4409  6.54998
41.541  6.61195
41.6411  6.67417
41.7412  6.73666
41.8413  6.79941
41.9414  6.86241
42.0415  6.92568
42.1416  6.9892
42.2416  7.05298
42.3417  7.11702
42.4418  7.18131
42.5419  7.24586
42.642  7.31067
42.7421  7.37574
42.8422  7.44106
42.9423  7.50663
43.0424  7.57246
43.1425  7.63855
43.2426  7.70489
43.3427  7.77148
43.4428  7.83833
43.5429  7.90543
43.643  7.97278
43.7431  8.04039
43.8432  8.10825
43.9433  8.17636
44.0434  8.24472
44.1435  8.31333
44.2436  8.38219
44.3437  8.45131
44.4438  8.52067
44.5439  8.59028
44.644  8.66015
44.7441  8.73026
44.8442  8.80062
44.9443  8.87123
45.0444  8.94208
45.1445  9.01319
45.2446  9.08454
45.3447  9.15614
45.4448  9.22798
45.5449  9.30007
45.645  9.37241
45.7451  9.44499
45.8452  9.51782
45.9453  9.5909
46.0454  9.66421
46.1455  9.73778
46.2456  9.81158
46.3457  9.88563
46.4458  9.95993
46.5459  10.0345
46.646  10.1092
46.7461  10.1843
46.8462  10.2595
46.9463  10.335
47.0464  10.4108
47.1465  10.4868
47.2466  10.563
47.3467  10.6395
47.4468  10.7162
47.5469  10.7931
47.647  10.8703
47.7471  10.9477
47.8472  11.0254
47.9473  11.1033
48.0474  11.1815
48.1475  11.2598
48.2476  11.3385
48.3477  11.4173
48.4478  11.4964
48.5479  11.5758
48.648  11.6553
48.7481  11.7351
48.8482  11.8152
48.9483  11.8954
49.0484  11.976
49.1485  12.0567
49.2486  12.1377
49.3487  12.2189
49.4488  12.3004
49.5489  12.382
49.649  12.464
49.7491  12.5461
49.8492  12.6285
49.9492  12.7111
50.0493  12.794
50.1494  12.8771
50.2495  12.9604
50.3496  13.0439
50.4497  13.1277
50.5498  13.2117
50.6499  13.2959
50.75  13.3804
50.8501  13.4651
50.9502  13.5501
51.0503  13.6352
51.1504  13.7206
51.2505  13.8062
51.3506  13.8921
51.4507  13.9782
51.5508  14.0645
51.6509  14.151
51.751  14.2378
51.8511  14.3248
51.9512  14.412
52.0513  14.4994
52.1514  14.5871
52.2515  14.675
52.3516  14.7631
52.4517  14.8515
52.5518  14.94
52.6519  15.0288
52.752  15.1179
52.8521  15.2071
52.9522  15.2966
53.0523  15.3863
53.1524  15.4762
53.2525  15.5664
53.3526  15.6568
53.4527  15.7474
53.5528  15.8382
53.6529  15.9292
53.753  16.0205
53.8531  16.112
53.9532  16.2037
54.0533  16.2957
54.1534  16.3878
54.2535  16.4802
54.3536  16.5728
54.4537  16.6656
54.5538  16.7587
54.6539  16.8519
54.754  16.9454
54.8541  17.0391
54.9542  17.133
55.0543  17.2272
55.1544  17.3216
55.2545  17.4161
55.3546  17.5109
55.4547  17.606
55.5548  17.7012
55.6549  17.7967
55.755  17.8923
55.8551  17.9882
55.9552  18.0844
56.0553  18.1807
56.1554  18.2772
56.2555  18.374
56.3556  18.471
56.4557  18.5682
56.5558  18.6656
56.6559  18.7632
56.756  18.8611
56.8561  18.9591
56.9562  19.0574
57.0563  19.1559
57.1564  19.2546
57.2565  19.3535
57.3566  19.4527
57.4567  19.552
57.5567  19.6516
57.6568  19.7514
57.7569  19.8514
57.857  19.9516
57.9571  20.052
58.0572  20.1527
58.1573  20.2535
58.2574  20.3546
58.3575  20.4558
58.4576  20.5573
58.5577  20.659
58.6578  20.7609
58.7579  20.8631
58.858  20.9654
58.9581  21.0679
59.0582  21.1707
59.1583  21.2737
59.2584  21.3768
59.3585  21.4802
59.4586  21.5838
59.5587  21.6876
59.6588  21.7917
59.7589  21.8959
59.859  22.0003
59.9591  22.105
60.0592  22.2098
60.1593  22.3149
60.2594  22.4202
60.3595  22.5256
60.4596  22.6313
60.5597  22.7372
60.6598  22.8433
60.7599  22.9497
60.86  23.0562
60.9601  23.1629
61.0602  23.2699
61.1603  23.377
61.2604  23.4844
61.3605  23.5919
61.4606  23.6997
61.5607  23.8076
61.6608  23.9158
61.7609  24.0242
61.861  24.1328
61.9611  24.2416
62.0612  24.3506
62.1613  24.4598
62.2614  24.5692
62.3615  24.6788
62.4616  24.7886
62.5617  24.8987
62.6618  25.0089
62.7619  25.1193
62.862  25.23
62.9621  25.3408
63.0622  25.4518
63.1623  25.5631
63.2624  25.6745
63.3625  25.7862
63.4626  25.898
63.5627  26.0101
63.6628  26.1224
63.7629  26.2348
63.863  26.3475
63.9631  26.4604
64.0632  26.5734
64.1633  26.6867
64.2634  26.8002
64.3635  26.9138
64.4636  27.0277
64.5637  27.1418
64.6638  27.2561
64.7639  27.3705
64.864  27.4852
64.9641  27.6001
65.0642  27.7152
65.1643  27.8304
65.2643  27.9459
65.3644  28.0616
65.4645  28.1775
65.5646  28.2936
65.6647  28.4098
65.7648  28.5263
65.8649  28.643
65.965  28.7598
66.0651  28.8769
66.1652  28.9942
66.2653  29.1116
66.3654  29.2293
66.4655  29.3472
66.5656  29.4652
66.6657  29.5835
66.7658  29.7019
66.8659  29.8206
66.966  29.9394
67.0661  30.0585
67.1662  30.1777
67.2663  30.2972
67.3664  30.4168
67.4665  30.5366
67.5666  30.6567
67.6667  30.7769
67.7668  30.8973
67.8669  31.0179
67.967  31.1387
68.0671  31.2597
68.1672  31.3809
68.2673  31.5023
68.3674  31.6239
68.4675  31.7457
68.5676  31.8677
68.6677  31.9898
68.7678  32.1122
68.8679  32.2348
68.968  32.3575
69.0681  32.4805
69.1682  32.6036
69.2683  32.727
69.3684  32.8505
69.4685  32.9742
69.5686  33.0981
69.6687  33.2222
69.7688  33.3465
69.8689  33.471
69.969  33.5957
70.0691  33.7206
70.1692  33.8457
70.2693  33.9709
70.3694  34.0964
70.4695  34.222
70.5696  34.3479
70.6697  34.4739
70.7698  34.6001
70.8699  34.7265
70.97  34.8532
71.0701  34.9799
71.1702  35.1069
71.2703  35.2341
71.3704  35.3615
71.4705  35.489
71.5706  35.6168
71.6707  35.7447
71.7708  35.8728
71.8709  36.0012
71.971  36.1297
72.0711  36.2584
72.1712  36.3873
72.2713  36.5163
72.3714  36.6456
72.4715  36.775
72.5716  36.9047
72.6717  37.0345
72.7718  37.1645
72.8719  37.2948
72.9719  37.4251
73.072  37.5557
73.1721  37.6865
73.2722  37.8175
73.3723  37.9486
73.4724  38.08
73.5725  38.2115
73.6726  38.3432
73.7727  38.4751
73.8728  38.6072
73.9729  38.7394
74.073  38.8719
74.1731  39.0046
74.2732  39.1374
74.3733  39.2704
74.4734  39.4036
74.5735  39.537
74.6736  39.6706
74.7737  39.8043
74.8738  39.9383
74.9739  40.0724
75.074  40.2068
75.1741  40.3413
75.2742  40.476
75.3743  40.6108
75.4744  40.7459
75.5745  40.8811
75.6746  41.0166
75.7747  41.1522
75.8748  41.288
75.9749  41.424
76.075  41.5602
76.1751  41.6965
76.2752  41.833
76.3753  41.9698
76.4754  42.1067
76.5755  42.2438
76.6756  42.381
76.7757  42.5185
76.8758  42.6561
76.9759  42.794
77.076  42.932
77.1761  43.0702
77.2762  43.2085
77.3763  43.3471
77.4764  43.4858
77.5765  43.6248
77.6766  43.7639
77.7767  43.9032
77.8768  44.0426
77.9769  44.1823
78.077  44.3221
78.1771  44.4621
78.2772  44.6023
78.3773  44.7427
78.4774  44.8833
78.5775  45.024
78.6776  45.1649
78.7777  45.306
78.8778  45.4473
78.9779  45.5888
79.078  45.7304
79.1781  45.8723
79.2782  46.0143
79.3783  46.1565
79.4784  46.2988
79.5785  46.4414
79.6786  46.5841
79.7787  46.727
79.8788  46.8701
79.9789  47.0134
80.079  47.1568
80.1791  47.3005
80.2792  47.4443
80.3793  47.5883
80.4794  47.7324
80.5794  47.8768
80.6795  48.0213
80.7796  48.166
80.8797  48.3109
80.9798  48.456
81.0799  48.6012
81.18  48.7466
81.2801  48.8922
81.3802  49.038
81.4803  49.184
81.5804  49.3301
81.6805  49.4764
81.7806  49.6229
81.8807  49.7696
81.9808  49.9164
82.0809  50.0634
82.181  50.2106
82.2811  50.358
82.3812  50.5056
82.4813  50.6533
82.5814  50.8012
82.6815  50.9493
82.7816  51.0975
82.8817  51.246
82.9818  51.3946
83.0819  51.5434
83.182  51.6924
83.2821  51.8415
83.3822  51.9908
83.4823  52.1403
83.5824  52.29
83.6825  52.4399
83.7826  52.5899
83.8827  52.7401
83.9828  52.8905
84.0829  53.041
84.183  53.1917
84.2831  53.3426
84.3832  53.4937
84.4833  53.645
84.5834  53.7964
84.6835  53.948
84.7836  54.0998
84.8837  54.2517
84.9838  54.4039
85.0839  54.5562
85.184  54.7087
85.2841  54.8613
85.3842  55.0141
85.4843  55.1671
85.5844  55.3203
85.6845  55.4737
85.7846  55.6272
85.8847  55.7809
85.9848  55.9347
86.0849  56.0888
86.185  56.243
86.2851  56.3974
86.3852  56.552
86.4853  56.7067
86.5854  56.8616
86.6855  57.0167
86.7856  57.1719
86.8857  57.3274
86.9858  57.483
87.0859  57.6388
87.186  57.7947
87.2861  57.9508
87.3862  58.1071
87.4863  58.2636
87.5864  58.4202
87.6865  58.577
87.7866  58.734
87.8867  58.8912
87.9868  59.0485
88.0869  59.206
88.187  59.3636
88.287  59.5215
88.3871  59.6795
88.4872  59.8377
88.5873  59.996
88.6874  60.1546
88.7875  60.3132
88.8876  60.4721
88.9877  60.6312
89.0878  60.7904
89.1879  60.9497
89.288  61.1093
89.3881  61.269
89.4882  61.4289
89.5883  61.589
89.6884  61.7492
89.7885  61.9096
89.8886  62.0702
89.9887  62.2309
90.0888  62.3918
90.1889  62.5529
90.289  62.7142
90.3891  62.8756
90.4892  63.0372
90.5893  63.1989
90.6894  63.3609
90.7895  63.523
90.8896  63.6852
90.9897  63.8477
91.0898  64.0103
91.1899  64.173
91.29  64.336
91.3901  64.4991
91.4902  64.6624
91.5903  64.8258
91.6904  64.9895
91.7905  65.1532
91.8906  65.3172
91.9907  65.4813
92.0908  65.6456
92.1909  65.8101
92.291  65.9747
92.3911  66.1395
92.4912  66.3045
92.5913  66.4696
92.6914  66.6349
92.7915  66.8004
92.8916  66.966
92.9917  67.1318
93.0918  67.2978
93.1919  67.4639
93.292  67.6302
93.3921  67.7967
93.4922  67.9633
93.5923  68.1301
93.6924  68.2971
93.7925  68.4643
93.8926  68.6316
93.9927  68.799
94.0928  68.9667
94.1929  69.1345
94.293  69.3025
94.3931  69.4706
94.4932  69.6389
94.5933  69.8074
94.6934  69.976
94.7935  70.1448
94.8936  70.3138
94.9937  70.4829
95.0938  70.6522
95.1939  70.8217
95.294  70.9913
95.3941  71.1611
95.4942  71.3311
95.5943  71.5012
95.6944  71.6715
95.7945  71.842
95.8945  72.0126
95.9946  72.1834
96.0947  72.3544
96.1948  72.5255
96.2949  72.6968
96.395  72.8682
96.4951  73.0398
96.5952  73.2116
96.6953  73.3836
96.7954  73.5557
96.8955  73.7279
96.9956  73.9004
97.0957  74.073
97.1958  74.2457
97.2959  74.4187
97.396  74.5918
97.4961  74.765
97.5962  74.9385
97.6963  75.112
97.7964  75.2858
97.8965  75.4597
97.9966  75.6338
98.0967  75.808
98.1968  75.9824
98.2969  76.157
98.397  76.3317
98.4971  76.5066
98.5972  76.6817
98.6973  76.8569
98.7974  77.0323
98.8975  77.2078
98.9976  77.3835
99.0977  77.5594
99.1978  77.7354
99.2979  77.9116
99.398  78.088
99.4981  78.2645
99.5982  78.4412
99.6983  78.6181
99.7984  78.7951
99.8985  78.9722
99.9986  79.1496
